%YAML:1.0
---
nKluster: 3
_dimensi: 3
Mean_0: !!opencv-matrix
   rows: 3
   cols: 1
   dt: d
   data: [ 2.0520991635453321e+01, 2.9061213021141448e+01,
       2.2579980897362852e+01 ]
Cov_0: !!opencv-matrix
   rows: 3
   cols: 3
   dt: d
   data: [ 1.9060705815747749e+01, 1.0915846011716392e+01,
       1.6937678452034596e+01, 1.0915846011716392e+01,
       7.6240703092214739e+00, 1.0508695003482808e+01,
       1.6937678452034596e+01, 1.0508695003482808e+01,
       1.5806944227487127e+01 ]
Alpha_0: 1.7742138068887344e-05
Mean_1: !!opencv-matrix
   rows: 3
   cols: 1
   dt: d
   data: [ 2.5683697765781584e+01, 3.2535572510498540e+01,
       2.7225504403425557e+01 ]
Cov_1: !!opencv-matrix
   rows: 3
   cols: 3
   dt: d
   data: [ 7.1582130677095080e+01, 4.4680514275582262e+01,
       6.5478586079969730e+01, 4.4680514275582262e+01,
       3.1363308537040702e+01, 4.2626503113705574e+01,
       6.5478586079969730e+01, 4.2626503113705468e+01,
       6.1086696514628187e+01 ]
Alpha_1: 5.7165527341600067e-05
Mean_2: !!opencv-matrix
   rows: 3
   cols: 1
   dt: d
   data: [ 2.0670229061613441e+01, 2.9095286512946018e+01,
       2.3542640490185246e+01 ]
Cov_2: !!opencv-matrix
   rows: 3
   cols: 3
   dt: d
   data: [ 2.3849808419272773e+02, 1.3364523077956014e+02,
       2.0284733577109850e+02, 1.3364523077956011e+02,
       9.9019633238833478e+01, 1.3458797459648389e+02,
       2.0284733577109850e+02, 1.3458797459648389e+02,
       2.0243683859266648e+02 ]
Alpha_2: 2.3759233641152444e-04
